0,485
0,478
60,4
60,3
60,2
60,1
60,0
58,4
58,3
58,2
58,1
58,0
51,4
51,3
51,2
51,1
51,0
43,4
43,3
43,2
43,1
43,0
39,4
39,3
39,2
39,1
39,0
29,4
29,3
29,2
29,1
29,0
27,4
27,3
27,2
27,1
27,0
25,4
25,3
25,2
25,1
25,0
19,3
19,2
19,1
19,0
18,3
18,2
18,1
18,0
16,4
16,3
16,2
16,1
16,0
12,4
12,3
12,2
12,1
12,0
11,4
11,3
11,2
11,1
11,0
10,5
10,4
10,3
10,2
10,1
10,0
8,4
8,3
8,2
8,1
8,0
7,5
7,4
7,3
7,2
7,1
7,0
6,4
6,3
6,2
6,1
6,0
5,3
5,2
5,1
5,0
4,3
109,3
2,14
2,13
2,12
2,11
2,10
2,9
2,5
2,3
2,2
2,1
2,0
1,3
0,449
0,445
0,442
0,407
0,324
0,243
0,9
0,0
0,1
0,437
0,436
0,300
0,402
0,299
0,465
0,298
0,297
0,400
0,296
0,399
0,295
0,398
0,294
0,397
0,293
0,396
0,292
0,429
0,291
0,395
0,290
0,439
0,289
0,428
0,288
0,479
0,287
0,392
0,286
0,285
0,390
0,284
0,389
0,283
0,427
0,282
0,388
0,281
0,387
0,280
0,386
0,279
0,426
0,278
0,385
0,277
0,384
0,276
0,383
0,275
0,434
0,274
0,382
0,273
0,381
0,272
0,425
0,271
0,380
69,0
69,1
69,3
69,4
72,1
72,2
72,5
78,0
78,1
78,3
78,4
81,0
81,2
81,3
81,5
87,0
87,2
87,3
87,5
90,1
90,2
90,4
90,5
91,1
91,3
98,0
98,2
98,3
98,5
98,6
100,1
100,3
100,4
100,6
100,7
101,0
101,2
101,3
105,0
105,1
105,3
105,5
105,7
107,1
107,2
109,0
109,1
109,4
111,1
111,2
111,4
113,0
113,2
113,4
115,0
115,2
115,3
115,5
115,6
126,1
126,3
126,4
128,1
128,2
128,4
130,1
130,2
130,4
131,0
131,2
131,3
131,5
136,1
136,2
136,5
136,6
138,1
138,3
138,4
142,1
142,2
142,4
142,5
143,1
143,3
146,0
146,2
146,3
146,5
150,1
150,2
150,4
151,0
151,2
152,0
152,1
152,3
152,4
153,1
153,2
153,4
154,1
154,2
154,4
155,0
155,2
155,4
155,5
159,0
159,1
159,3
159,4
161,1
161,3
161,4
162,1
162,2
162,4
162,6
162,7
162,9
163,0
163,2
163,3
164,0
164,2
164,3
168,0
168,1
168,3
168,6
168,7
169,1
169,2
169,4
170,0
170,2
170,4
170,5
171,0
171,1
171,3
171,5
172,0
172,2
172,3
172,5
173,0
173,1
173,3
173,4
173,6
174,0
174,2
174,4
174,5
175,1
175,2
175,4
176,0
176,1
176,3
176,4
176,6
177,0
177,2
177,4
177,5
178,1
178,2
178,4
178,6
179,0
179,2
179,3
179,5
180,0
180,2
180,4
180,5
181,1
181,2
181,4
181,6
181,7
181,9
182,0
182,2
182,4
182,5
182,7
183,0
183,2
183,3
183,5
183,4
183,1
182,6
182,3
182,1
181,8
181,5
181,3
181,0
180,3
180,1
179,4
179,1
178,5
178,3
178,0
177,3
177,1
176,5
176,2
175,5
175,3
175,0
174,3
174,1
173,5
173,2
172,6
172,4
172,1
171,4
171,2
170,6
170,3
170,1
169,3
169,0
168,5
168,2
164,4
164,1
163,4
163,1
162,8
162,5
162,3
162,0
161,2
161,0
159,2
155,6
155,3
155,1
154,3
154,0
153,3
153,0
152,2
151,3
151,1
150,3
150,0
146,4
146,1
143,2
143,0
142,3
142,0
138,2
138,0
136,3
136,0
131,4
131,1
130,3
130,0
128,3
128,0
126,2
126,0
115,4
115,1
113,3
113,1
111,3
111,0
109,2
107,3
107,0
105,6
105,2
101,4
101,1
100,8
100,5
100,2
100,0
98,4
98,1
91,2
91,0
90,3
90,0
87,4
87,1
81,4
81,1
78,5
78,2
72,6
72,3
72,0
69,2
0,270
0,379
0,269
0,378
0,268
0,377
0,267
0,376
0,266
0,375
0,265
0,374
0,264
0,373
0,263
0,372
0,262
0,371
0,261
0,370
0,260
0,424
0,259
0,369
0,258
0,433
0,257
0,368
0,256
0,367
0,255
0,448
0,254
0,365
0,253
0,423
0,252
0,447
0,251
0,453
0,250
0,422
0,249
0,470
0,248
0,247
0,476
0,246
0,419
0,245
0,471
0,244
0,464
0,242
0,483
0,241
0,438
0,240
0,481
0,239
0,355
0,238
0,354
0,237
0,475
0,236
0,468
0,235
0,484
0,234
0,417
0,233
0,351
0,232
0,350
0,231
0,230
0,348
0,229
0,466
0,228
0,452
0,227
0,458
0,226
0,462
0,225
0,469
0,224
0,457
0,223
0,456
0,222
0,482
0,221
0,444
0,220
0,455
0,219
0,341
0,218
0,340
0,217
0,339
0,216
0,338
0,215
0,412
0,214
0,337
0,213
0,408
0,212
0,477
0,211
0,472
0,210
0,461
0,209
0,334
0,208
0,432
0,207
0,333
0,206
0,474
0,205
0,331
0,204
0,330
0,203
0,463
0,202
0,329
0,201
0,409
0,200
0,473
0,199
0,327
0,198
0,326
0,197
0,325
0,196
0,431
0,195
0,323
0,194
0,454
0,193
0,322
0,192
0,480
0,63
0,320
0,62
0,319
0,61
0,467
0,60
0,318
0,59
0,430
0,58
0,317
0,57
0,316
0,56
0,315
0,55
0,314
0,54
0,404
0,53
0,459
0,52
0,451
0,51
0,460
0,50
0,450
0,49
0,443
0,48
0,309
0,47
0,308
0,46
0,45
0,301
0,6
0,5
0,304
0,303
0,306
0,305
0,302
0,12
0,420
0,10
0,8
0,421
0,11
0,4
0,2
0,3
0,7
